image_width: 640
image_height: 480
camera_name: camera
camera_matrix:
  rows: 3
  cols: 3
  data: [385.264590, 0.000000, 290.381110, 0.000000, 390.796374, 242.584328, 0.000000, 0.000000, 1.000000]
distortion_model: plumb_bob
distortion_coefficients:
  rows: 1
  cols: 5
  data: [-0.262274, 0.113136, 0.007394, 0.000514, 0.000000]
rectification_matrix:
  rows: 3
  cols: 3
  data: [1.000000, 0.000000, 0.000000, 0.000000, 1.000000, 0.000000, 0.000000, 0.000000, 1.000000]
projection_matrix:
  rows: 3
  cols: 4
  data: [335.467773, 0.000000, 292.381205, 0.000000, 0.000000, 351.833984, 247.908026, 0.000000, 0.000000, 0.000000, 1.000000, 0.000000]
