image_width: 320
image_height: 240
camera_name: narrow_stereo
camera_matrix:
  rows: 3
  cols: 3
  data: [731.069517, 0.000000, 94.478339, 0.000000, 737.793834, 49.139138, 0.000000, 0.000000, 1.000000]
distortion_model: plumb_bob
distortion_coefficients:
  rows: 1
  cols: 5
  data: [0.865066, -3.168197, -0.012999, -0.089668, 0.000000]
rectification_matrix:
  rows: 3
  cols: 3
  data: [1.000000, 0.000000, 0.000000, 0.000000, 1.000000, 0.000000, 0.000000, 0.000000, 1.000000]
projection_matrix:
  rows: 3
  cols: 4
  data: [738.450134, 0.000000, 85.391336, 0.000000, 0.000000, 777.625488, 49.658647, 0.000000, 0.000000, 0.000000, 1.000000, 0.000000]
