# oST version 5.0 parameters


[image]

width
320

height
240

[narrow_stereo]

camera matrix
731.069517 0.000000 94.478339
0.000000 737.793834 49.139138
0.000000 0.000000 1.000000

distortion
0.865066 -3.168197 -0.012999 -0.089668 0.000000

rectification
1.000000 0.000000 0.000000
0.000000 1.000000 0.000000
0.000000 0.000000 1.000000

projection
738.450134 0.000000 85.391336 0.000000
0.000000 777.625488 49.658647 0.000000
0.000000 0.000000 1.000000 0.000000

